<<<<<<< HEAD
 1 
 1  25 
 1  10 
 1  62 
 1  60 
 1  66 
 1   
 1   
 1   
 1   
 1   
 1   
 1   
 1   
 1   
 1   
 1   
 1   
 1   
 1   
 1   
 1   
 1   
 1   
 1   
 1   
 1   
 1    26084463430980554918817224872703024161402122547
ferfef
ferfef 1497620314117952235163898769288081052098144792
ferfef 1497620314117952235163898769288081052098144792 4474482818341156501642229642634526967280346780
ferfef 1497620314117952235163898769288081052098144792 4474482818341156501642229642634526967280346780 151921086548742892207971376030501155351075427459
=======
 1 
 1  25 
 1  10 
 1  62 
 1  60 
 1  66 
 1   
 1   
 1   
 1   
 1   
 1   
 1   
 1   
 1   
 1   
 1   
 1   
 1   
 1   
 1   
 1   
 1   
 1   
 1   
 1   
 1   
 1   
 1   
 1   
>>>>>>> b907430791d5f39adfaf1a26f4d8dda3dc184033
>>>>>>> b907430791d5f39adfaf1a26f4d8dda3dc184033 2982732180231752115311152040732764129791425125523
>>>>>>> b907430791d5f39adfaf1a26f4d8dda3dc184033 2982732180231752115311152040732764129791425125523 3256628802268073141217632230521170126233031731056
>>>>>>> b907430791d5f39adfaf1a26f4d8dda3dc184033 2982732180231752115311152040732764129791425125523 3256628802268073141217632230521170126233031731056 3273829271137812202412448317924670304513017821648
>>>>>>> b907430791d5f39adfaf1a26f4d8dda3dc184033 2982732180231752115311152040732764129791425125523 3256628802268073141217632230521170126233031731056 3273829271137812202412448317924670304513017821648 303882079012382875125276192616773101882316415014
